------------------------------------------------------------------------------------------------------------------------------------------------------------------------
  Bin Id            Marker lineage           # genomes   # markers   # marker sets   0     1     2    3   4   5+   Completeness   Contamination   Strain heterogeneity  
------------------------------------------------------------------------------------------------------------------------------------------------------------------------
  bin.6      o__Pseudomonadales (UID4488)       185         813           308        15   792    6    0   0   0       98.34            0.69               0.00          
  bin.9       g__Staphylococcus (UID301)         45         940           178        20   918    2    0   0   0       98.19            0.64               0.00          
  bin.3      o__Lactobacillales (UID355)        490         334           183        9    323    2    0   0   0       97.43            0.82              50.00          
  bin.1          g__Bacillus (UID865)            36         1200          269        32   1162   6    0   0   0       97.30            0.84               0.00          
  bin.7          c__Bacilli (UID354)            515         329           183        10   319    0    0   0   0       95.49            0.00               0.00          
  bin.4    f__Enterobacteriaceae (UID5124)      134         1173          336        55   1084   34   0   0   0       95.10            0.99              88.24          
  bin.2    f__Enterobacteriaceae (UID5139)      119         1169          340        90   1075   4    0   0   0       92.92            0.17               0.00          
  bin.5           k__Archaea (UID2)             207         149           107        82    48    17   2   0   0       38.98           11.29              13.04          
  bin.8              root (UID1)                5656         56            24        56    0     0    0   0   0        0.00            0.00               0.00          
------------------------------------------------------------------------------------------------------------------------------------------------------------------------
